66512
23379
67623
46175
76623
33560
37242
85634
87901
57389
12286
74820
20747
72704
75595
83969
94175
78993
43038
92204
91627
33734
56731
40984
94847
67267
79282
45378
25560
84683
99213
33185
93991
82555
83130
72423
68003
92473
98556
41479
37198
47188
79155
33341
95659
98825
16618
66375
30330
35239
19715
97021
49777
42916
48998
31662
87080
57965
91416
42422
97080
50460
70509
19980
22989
16982
45558
88189
97682
44669
43334
23235
20598
46915
94027
68387
43873
26522
28040
30430
95434
63871
45124
81263
94615
94626
39641
95417
94421
68447
23051
24165
14521
23728
50494
20282
59988
21704
77130
78264
78671
87208
80012
35861
23206
48389
91006
27298
89151
11483
98543
88610
37314
51720
20416
87555
40138
74338
59688
97187
50549
96150
56890
53046
52802
20989
83360
16576
13993
65335
74679
73492
78768
32006
87008
33546
99197
16307
23144
22622
62675
26679
75004
55413
59131
88612
57516
88747
61499
58643
21061
87013
46191
86476
95189
29189
98159
62471
16083
77011
60914
30603
75294
66011
18266
41929
80890
73978
99018
29727
36110
76525
77394
34589
75147
97826
26576
35963
31629
52190
66414
98130
34773
21947
28663
28987
59380
15070
37277
85178
36344
75833
84799
76841
55950
49190
58456
95731
93668
42169
19480
78777
32683
47008
44078
68083
96429
25515
57102
29013
47190
58318
22265
48947
25491
14456
46446
23873
97519
62129
31481
34199
52141
48710
41159
55550
23154
35357
10031
88694
99036
67544
11885
50254
41393
64030
47169
74871
34390
97059
15350
66164
40669
22745
61905
95025
51944
77438
43817
17811
98867
23353
14388
25092
90672
99899
38241
78461
43086
29566
61197
92713
46728
90383
25191
72015
33363
23955
94392
89909
61942
99544
31340
51314
97963
65452
94208
97640
39373
11963
40931
26576
85653
74050
17675
89106
25804
23375
12452
57724
47325
26964
73879
59611
72725
45772
52203
26476
56435
66894
67530
18039
55865
59449
13619
90245
62387
29710
59771
75099
48659
81868
31064
25531
71391
94987
22611
46742
12348
64526
80595
93021
29563
34566
69640
72835
72809
24381
21516
68348
27625
59289
34977
36871
76505
50151
60749
91478
24489
80463
55228
13013
68466
63867
98425
50386
22921
99523
13971
69435
23941
85246
82777
35031
40276
28778
38204
44963
61639
68476
68275
56515
22724
40981
73947
26084
43517
67329
94534
70877
76862
66501
56669
50156
66221
31479
29102
89569
53895
59831
87428
50676
76471
61675
52920
26375
68083
14237
13480
94509
10610
84158
19031
61607
37265
48691
22231
91877
71031
19491
61720
53182
87694
26929
45344
54531
34860
10041
23578
26990
24130
85159
44943
53026
24777
42254
79811
56738
83963
44778
46663
16657
23623
79269
70314
80751
63637
34357
35177
55406
59870
98368
68890
14031
98104
50758
68640
43759
60041
60429
15655
35782
20681
38367
66233
34146
32765
15006
68397
65327
86974
98143
72664
27576
83418
34967
38512
34888
54438
29520
32468
97380
71409
47388
64541
86806
79234
25414
91613
57460
18396
91607
16685
96170
80646
34718
26839
50072
35167
50788
84352
28829
40380
49011
80863
19600
14450
92117
40288
65010
67922
87823
84591
14472
51036
27869
66544
93437
31190
48056
91359
82648
94178
93203
19179
36700
24773
75576
17826
58553
96872
33342
67181
84609
23300
81447
83905
67851
82301
43557
41163
50691
18561
37265
91592
95603
61212
29969
47889
58905
95110
50139
18189
36429
14290
14086
45593
11091
88225
76071
41299
83552
89859
50569
76902
39127
55706
59838
82507
17680
81801
71170
15372
61127
23692
57427
17062
79627
49680
78181
15293
90430
84995
96550
83344
36005
64818
32972
52491
21226
51895
61622
60606
47712
45875
67301
49791
40894
60168
17559
69566
42390
69609
71869
87836
45298
91728
67134
90602
18357
33718
29104
81945
68051
13876
88760
72210
45947
60264
52046
41273
88592
46612
15611
42271
69233
19301
15896
20214
33656
58462
41967
49487
76746
84684
82240
77328
35619
90970
12477
80318
10871
10964
26351
42037
69135
72721
80582
66268
26887
95919
16963
26147
72779
11781
67439
18828
60817
28302
55160
73812
34638
72347
97705
40788
49731
93473
20534
80069
20491
46571
20156
53433
69767
60267
89546
40134
72266
62556
45462
91165
62321
13724
21575
70476
23418
85083
70621
89381
98455
93339
35687
80825
48986
26153
92842
46814
35698
94685
35569
89172
39478
38598
69155
62427
18063
63048
97619
29490
12797
83120
57859
14022
79398
54458
37031
79967
18210
89856
57722
47442
17087
89093
54362
62810
89044
16325
93436
67243
33800
48429
12150
69617
12496
90062
30078
31601
72279
30473
43998
90020
35839
12730
97856
14831
15728
79362
14760
12805
49694
85735
84194
99181
20149
95178
97491
60711
12003
84192
71460
17287
36333
79142
82672
62333
30138
42807
19636
70571
51694
30589
41860
61477
30007
35580
14995
99433
86104
35860
46822
31374
93889
12414
54454
14281
21010
19222
26723
56083
43455
70071
31251
71236
12040
98495
16624
89757
35465
68013
91712
11043
80380
98674
53477
16705
70366
18797
64413
32209
51091
10898
39191
75224
24253
44251
40627
29192
37550
46075
68656
82960
76911
62521
16128
33076
37813
68098
36677
75313
77321
82772
61400
29444
72139
57946
52020
19888
83576
23626
93181
92106
95724
74468
80242
30910
90322
91234
12666
56280
27201
78058
28968
86898
75219
35513
18415
43929
48660
64999
36948
18301
63284
74869
66969
69868
24391
59778
49423
20512
96325
87442
87190
69836
30986
97492
43902
25924
66440
68400
79744
83790
18753
71684
68572
12865
98391
23930
49874
91277
88208
80673
56082
26630
95416
59600
13734
73859
44252
73940
28272
46615
16632
97818
87772
40305
84349
26090
26253
77479
67229
24397
50219
88554
14054
30850
39184
85913
25010
80275
46359
29602
20037
44880
77180
17171
28891
45929
55411
45445
30788
39109
43726
70602
17976
17681
44858
81911
16845
10053
85762
95176
87418
98616
68662
18966
35471
66473
52624
80404
15728
60289
77865
81817
40381
98385
19697
65879
21687
70016
74190
26964
42703
60052
52095
64880
56446
90631
91360
79971
78259
18695
16564
68888
44347
68486
42337
43602
27366
79435
82031
63706
90689
87735
98820
43334
89509
19103
78245
22638
50620
82600
48092
92742
28891
16149
49084
66414
52496
65756
18249
43702
61713
14180
10144
55516
37450
55629
77869
98752
88706
97556
51451
40418
12337
76934
57221
49062
27034
42786
19921
59712
98313
51024
88491
47680
17000
63085
52566
70380
51607
83211
87816
54503
22779
25358
57736
59514
79996
89804
37289
79567
31422
63132
67449
62678
41605
35595
41372
32325
38569
53689
81081
30374
95531
22986
93051
79150
73666
94075
85744
96062
64997
17087
19700
89454
92202
96828
10846
74036
59819
27170
65789
11965
48067
36562
62861
23314
77973
61609
52946
80695
53695
40808
27850
10298
74944
45291
76636
93183
28965
41349
14836
67660
33788
30846
26968
88490
41765
41864
82937
66667
21924
89765
24203
17506
61510
81236
71637
87868
51320
51189
51668
45775
30242
60995
24612
30061
31325
63685
23886
39443
58520
94330
71705
66225
72801
30947
77967
68154
39679
12975
96727
41932
95427
85499
43172
54345
22503
79238
36343
66104
32578
60787
30419
11426
66181
87776
99638
20965
19755
19665
90893
79899
54703
91653
41270
62439
21814
30333
47351
16491
27148
43970
56982
85155
99952
55232
18678
66556
62309
67908
72949
95913
84126
13940
32365
58327
79578
86991
28802
87939
55954
94061
32517
13961
85729
33932
66334
46311
55634
74917
97459
32287
31291
52554
44945
78297
97916
87800
43869
40329
34874
94178
81036
77885
92754
22397
61995
88167
92298
84026
93969
19212
22187
95558
18296
86541
92022
16378
40275
14608
65975
49283
75868
65059
40262
55654
84009
36730
25677
63381
86335
83218
75472
42962
99575
61798
62904
54634
36850
60448
19295
66364
96246
40613
11274
35158
38266
51799
45385
54249
16046
62170
77310
47884
11832
74812
23153
81840
98711
99759
26773
18036
38163
77997
37597
66936
77188
28848
96531
52420
77061
75639
94680
14627
52773
36555
47825
29257
10021
62410
26581
73235
21620
83538
88339
94257
23874
34483
48732
24605
60341
30725
88894
43247
60391
24137
56240
67447
85189
58412
35548
34263
74129
94240
82537
11815
19387
61003
64151
73539
24396
68882
56576
96062
71064
31981
82814
22993
91025
32212
83841
10564
80075
31378
15120
15484
41914
95051
99570
84321
23849
79947
26328
34957
75841
98564
98849
61954
20295
51984
50324
67448
21536
79896
18781
95964
53356
85478
56673
20187
97571
73585
91341
98472
18135
50207
67714
20891
77193
40324
92046
78414
46062
88777
56951
46117
28027
14124
15747
82983
77745
38436
27701
47114
88279
55433
47333
10911
83125
24302
43508
79895
71556
56266
32438
51343
40246
44632
33515
71895
55675
35982
55185
29072
48281
12333
80803
43363
80767
12874
95980
21209
77616
94918
27243
98563
85963
97013
58939
16401
60325
59628
80426
38557
36223
19400
63410
67693
58271
91511
82275
32023
64223
97037
48197
13239
86414
52046
64731
83135
27378
88143
19878
17861
17466
84370
12410
53609
32641
42088
20855
51944
81686
70997
43129
74643
75718
83706
62790
95620
65505
54076
51904
74932
81086
63338
21660
32891
23586
56376
46113
32028
71668
46227
81836
16852
35932
26344
60935
60967
27982
82125
19535
41699
13643
70159
89014
96493
14958
14649
49527
95146
16530
57656
57272
74651
14490
25815
86823
43617
96029
90317
29421
54866
79163
71839
83386
81496
68114
92149
78780
56937
72714
47585
63429
17768
34360
63941
38251
52778
58624
57794
25517
35662
43979
25227
31370
30811
91888
93688
19150
66576
20162
62294
30865
22791
11438
30378
70438
43304
24975
83580
47976
56218
95861
73209
58025
16202
14593
81904
42670
92860
82353
16124
54660
44959
24243
24204
74321
92367
35816
24274
17937
33030
80203
41178
66893
74960
20272
97852
52963
85361
50572
60247
13641
29801
34379
63354
35123
22280
27441
25004
10561
38314
47825
42245
67667
36258
52930
47151
11379
27232
66853
59463
70702
27032
82352
50020
76308
19323
26336
64149
39795
77131
87033
61448
62697
29946
52081
26192
93415
43175
67273
21346
61130
77753
63560
69109
79196
42976
87771
95969
60267
63518
63314
30209
36758
82500
75926
89968
27376
49050
20241
93494
16437
37562
89490
75548
64476
87421
79030
55846
71131
25817
62131
54196
25487
77404
14515
59138
65843
92979
35166
40741
18474
62149
36793
97026
47251
10103
54801
40310
68516
62751
16935
79982
16720
82236
85957
86951
52325
31379
74228
38825
90548
90621
33840
46733
63482
57972
95195
94886
45134
60130
54098
84352
59272
86648
33282
23033
15307
56435
21734
98594
10785
13364
55005
41427
15706
83149
99639
29600
80457
78598
40563
91305
80554
58809
89327
81886
37270
71065
57819
28997
46394
51623
54808
27401
91020
44552
74183
45847
80179
56032
48339
72596
57131
39180
81896
29508
38960
76181
93220
84654
39573
73093
57529
53383
31581
54004
91236
91597
20011
24790
50822
51213
60936
25945
55717
84933
66214
20978
93318
84836
49365
31120
29613
56485
84748
93116
55704
67844
56414
50963
43765
66705
33555
67745
74087
77865
84150
81256
95068
10928
91405
18731
73573
95556
74621
53872
74969
15346
44216
91993
50846
53893
52411
72881
77754
72234
64580
75763
49113
92904
38168
77581
37724
79767
31088
49124
33969
11936
68483
40862
44539
55701
54858
96907
95828
59899
53809
13482
45066
58296
32816
13611
78012
35074
37661
73584
36258
54855
46942
96452
75975
32538
30896
68036
24911
26376
60048
32001
51665
96624
76886
86745
26727
80988
79564
41084
11816
51157
50628
23070
64992
14104
46205
28527
69068
66704
61249
58623
31338
74578
89253
16240
83992
94192
78252
49152
92952
81270
39372
15057
51703
11643
24959
50814
29724
66472
22411
70139
88966
83337
51679
47316
30881
50382
25821
41887
19638
50874
99222
94760
29041
60002
77164
84456
78383
30129
69526
36848
45841
54235
80092
33294
51829
96803
85809
28771
19012
14892
99901
22262
38511
42363
41959
62827
90472
86516
16175
56180
35314
42229
20045
80700
33447
41832
62984
42590
81168
70407
96362
83817
63424
24638
31196
33231
52174
62230
23798
59526
97146
46210
38398
18670
65403
63969
13699
95582
52202
12615
63032
50033
56947
89141
97331
68331
52983
79884
18660
80826
38562
12009
70423
25840
56263
43721
49982
40832
75041
65567
68359
10297
42407
67156
26363
72881
56183
10295
27893
64866
29208
76095
56250
49710
65353
33950
79273
97901
82260
66059
24458
22533
42872
71514
49160
35825
24791
43872
29848
37603
91297
46227
43799
82660
16690
33430
61744
34491
22628
40781
86247
29109
52826
70084
76173
34953
10865
98155
16694
88675
55775
66356
62412
46096
31859
50846
82383
46333
24999
53547
88475
37353
25893
18065
24578
63891
56728
37156
87671
93123
67777
41704
55893
24440
75412
20370
25971
68945
79467
88965
81812
46058
88679
99008
72474
30052
80576
26284
85003
88876
37140
50883
57990
87605
52886
86357
50442
61109
60888
12048
32599
88498
75688
17097
45958
17500
43796
12190
61560
51139
34405
30791
25807
16239
17788
57395
91455
66651
32349
78023
91502
65135
32090
44614
27328
20532
63087
81115
45079
51272
86787
64867
21409
52443
79213
87084
39871
44081
21824
19128
94747
95620
40334
56083
40165
59000
28652
79724
43929
95616
13413
94502
29694
39798
89296
37293
29553
79396
81244
13460
81409
84710
30619
91390
23052
40911
19398
52306
63128
19249
14374
17268
80734
22801
99297
67446
18475
23140
64882
21911
40114
12378
11027
36141
15839
78039
81363
42477
41162
52094
94934
20163
49259
18144
77724
33023
37228
85630
23311
62985
68539
37193
46803
76009
10055
48606
60315
33427
16369
14759
48924
81482
85316
44505
73770
96795
95761
71116
97427
64643
12068
31539
19235
52263
40244
76787
75966
67796
36180
92112
37742
94575
21370
23464
62397
51646
45295
56885
44203
86990
68440
99837
52186
38744
71535
92601
47603
30539
84905
96445
41434
55362
11923
58406
35950
25416
39192
13479
26287
69599
21184
76319
14569
50964
96835
48768
65294
29747
98161
82146
47300
35224
14936
30888
67567
87859
13659
21193
25624
35533
76652
77271
82176
25851
42966
94239
27026
52417
14549
70575
27446
35931
19757
85203
46302
85570
76657
50335
76048
31061
58232
46220
68744
41488
45161
32322
16445
40987
88917
20894
73838
26782
92872
14349
32433
86161
26378
30429
81819
38411
67279
49157
41571
67212
90403
66934
79237
70880
74637
14358
37986
49395
40166
43787
33649
78323
17861
55592
24878
99661
32657
62502
96670
35438
67332
81427
48206
39771
18454
88346
21469
46494
18605
21150
31057
69997
10193
71146
13586
79359
65452
37087
26426
75799
10700
31752
77103
91125
53491
55435
20694
33000
34821
99416
45871
92819
93253
92681
95194
73644
48454
38966
65833
37017
15559
62451
85734
17544
25559
89453
90366
57804
28179
35834
31880
98346
92083
30297
83980
32215
90308
66420
12507
82082
77226
80571
78577
50347
93762
45052
43527
85655
11427
65528
18999
86604
98690
26767
37202
43290
98951
48416
18835
67973
32057
23431
92551
55516
47435
83084
13941
85833
83438
38807
75285
87950
38331
58513
18411
52922
46976
68142
58362
36895
11013
70785
58456
30960
10967
58791
96886
11708
68312
91840
92821
93418
30906
74905
71564
70769
98283
52799
26141
33686
19889
69477
40963
74684
68738
49200
16528
80982
35323
72301
78471
60943
40799
25212
86563
81200
82097
41422
84373
59452
70626
87189
15957
15124
76935
94419
16304
41558
62674
55973
15111
36281
17496
89100
82279
80053
66823
54140
63757
44561
94687
23630
58978
26529
79933
73714
35141
35612
78133
38985
75590
55752
19361
28821
91507
30671
17641
54477
73970
83650
63269
65773
49578
66196
17896
93994
44749
14499
87239
89670
88690
12373
21550
91237
27760
56164
31921
75394
76335
71491
79236
50532
47037
92399
73499
13037
97684
82027
91818
19593
38852
28364
73834
93592
86452
24937
51673
71243
31467
94921
44955
77709
46529
87808
36930
47484
86758
50282
74612
27606
37011
63124
89487
19180
46853
26254
19929
19989
90453
69731
16706
12798
36436
87123
41722
84714
97071
93773
73829
53744
43047
67511
83000
65096
80862
52066
31892
27350
70619
16498
45909
55389
75803
99430
31860
93548
33859
16505
38901
58800
12937
81354
56411
80952
74986
79116
30861
99642
76519
30555
41853
92804
11360
85834
44831
94686
61866
68353
89428
21552
47934
80870
67167
44322
34455
73319
98114
12912
49576
28641
89550
21633
93303
38012
96054
70117
19725
83036
71500
42602
42688
49781
95385
80849
97663
46257
10769
66406
27994
38450
72411
71432
93269
23200
18175
26081
21691
63600
27259
98030
22677
70715
46642
49466
55044
42439
40549
73324
55416
28870
62053
51645
55230
90570
32590
84994
50902
29632
34294
41310
69193
47427
15684
78531
12677
55437
72412
40735
72675
67390
61109
38891
66654
63366
58657
46410
62864
16331
98126
63143
41421
29323
55036
41509
59043
25626
24787
99783
44783
37141
21694
59192
42372
67362
16055
98248
71966
33289
38614
41508
28513
37457
54075
98106
62128
49563
99513
78025
80758
89126
13492
88672
92444
48535
66331
25923
92778
69820
30965
62168
99155
69181
39197
75575
63149
48829
23256
70480
41495
80021
49102
19242
47114
70517
86729
59408
26887
80429
93275
42581
90433
53314
17352
79981
38638
16372
21603
92109
30068
53154
56403
78619
68483
37578
30009
56188
35071
50229
46536
34908
36021
84100
79027
17244
50928
91711
68773
53783
99324
81785
92413
12741
10127
39116
75911
92221
97533
30087
11890
49881
23969
69305
43017
74924
25167
20625
26096
14192
71484
31100
12563
88516
96300
43232
21511
63951
95980
67550
83178
54315
46422
77518
32290
92139
34255
61300
37863
84480
62776
26650
97553
39855
75709
60763
42370
57209
59942
48825
78289
73175
23787
98384
48757
82290
61453
50202
61468
27187
36635
64966
82866
29532
39943
58914
53101
93767
67383
80285
36017
55167
71189
40082
42746
31306
62681
80066
35508
24970
47951
18284
31456
93589
28597
21616
50752
38981
83970
15884
23931
28269
47058
42303
11221
76277
47510
37032
26630
27197
73137
63466
57922
82211
90113
71123
83050
97431
70652
86886
38062
49203
55268
91721
47408
81392
58595
39472
87210
70403
73457
45842
66573
57959
76074
67561
58639
20408
75578
51029
56949
92006
69776
30673
91767
19242
61267
89123
35258
13402
72671
47623
70027
28906
35089
72785
31954
56588
45544
89932
62909
14333
41260
90358
78519
89359
75037
54736
27969
22587
42918
61958
42853
34667
45737
25178
29730
83921
14130
92144
94274
14656
93395
30015
19343
54595
92250
58470
10380
14438
55753
58577
61883
59090
71854
45932
26747
43675
89821
34912
74001
89325
58024
34919
99259
65618
55662
98112
81688
21648
36977
97507
90279
14826
14515
24347
44550
10473
79537
76001
21768
81272
63810
60384
65341
52829
24272
60252
97288
15621
19578
91617
10776
50687
76379
52438
22207
12766
17759
15932
58489
53866
89600
56313
38930
56629
50944
13614
55044
87475
22116
64523
48295
99642
92580
63849
56469
32372
49112
13461
88911
86394
87694
84884
79585
96575
42955
35402
68096
25551
95334
47199
78086
95036
72751
50118
89284
24269
28812
56943
34770
17110
94754
77769
51312
47783
25249
36249
74801
78049
76948
53264
15812
54521
27579
93386
43014
79283
16485
90944
23949
67724
36261
42271
65743
20451
99876
23121
67695
68393
64293
94770
33443
52625
26248
29921
71788
46892
55988
10034
53153
29742
88577
89891
17133
63895
42298
23955
28005
21907
58098
49813
39247
44761
61949
98009
22485
89206
69198
86570
22182
40477
47214
27220
29428
99336
43287
81027
39496
15916
83330
32277
53050
48869
43159
79958
93344
52088
61542
26134
37765
29871
94300
56182
99800
72572
11762
30823
73099
19548
92776
12576
53778
37714
31045
70107
73028
82533
24186
71253
97156
83033
16161
57136
19786
64928
81449
19132
33917
52653
15229
13691
42468
71256
34609
32667
88005
75057
98235
62605
53240
76645
31693
53593
11657
67697
97650
80839
95509
90211
47019
16766
81477
83898
13392
50863
24240
32741
54601
86157
74742
57539
11551
87919
48356
24107
94494
81808
45647
96214
66037
12679
15690
10049
36500
88146
48968
81097
75381
58631
12281
35347
52910
27152
16520
97952
98581
91844
36809
19688
17809
62415
75873
90675
17246
29146
92154
81926
24524
61397
94942
81434
88670
62942
25342
76185
32376
26960
79880
22647
62544
15707
94660
54239
68163
16119
28104
60184
99122
61322
57162
41242
35881
67856
60537
35966
78349
60651
92115
43173
38561
78569
42768
76541
38042
61276
15723
75032
41919
97595
22925
77703
40848
87868
79348
65232
78738
26775
98199
87566
85155
37267
58065
97713
53661
21352
61825
34784
95658
36653
14054
17814
49178
83609
54745
99954
93472
48605
52259
56178
25582
49124
72444
93106
90257
20347
85183
94291
88144
12515
36888
29563
12464
60323
42012
84135
21296
70531
54368
99998
35329
35489
11834
94295
90134
98688
71226
94316
84419
78355
59249
61289
64443
99492
50987
85225
29013
75913
31191
40252
51151
91809
70789
38680
82187
49736
57987
17506
71172
71553
41036
43222
78329
10692
92204
71399
11091
39464
57010
66818
77844
14217
48898
59525
74752
93182
72139
22763
77487
83281
18730
45324
72394
37808
83847
91802
78862
84806
21187
32549
66520
13687
11448
54137
60323
16002
71553
31273
93887
75356
57777
30814
65041
38077
97397
12607
17938
70419
32829
55199
39160
80841
85857
49449
17849
63392
60935
63117
67264
34238
61541
12604
46903
78284
65800
98009
37580
61242
23790
50937
18071
61031
86094
33572
78575
88237
53730
91004
60652
80790
63342
57725
79266
20858
65082
12182
32578
78838
29895
71644
96885
62223
73757
78327
15020
43275
59735
88911
50022
97850
72774
25725
86990
71795
94941
25953
72872
49038
97679
73536
82414
10758
30862
47191
85449
84676
72444
18122
13388
16325
39866
21878
61243
18200
85749
39255
96463
71039
54399
90468
48599
24404
61005
81035
76599
36011
52529
64041
92197
28945
21706
66632
60370
39157
74850
50797
64395
52104
33983
89234
73372
80316
30614
92282
56700
56016
90421
94064
85973
40588
17688
45815
36041
92558
71468
21834
27011
60951
59160
92698
47759
53508
72545
55497
56997
97055
20619
43052
32804
78336
52479
29120
32540
91566
20055
14608
89833
92314
95549
68519
71920
27636
76361
77467
92285
66545
32062
43167
36637
67485
59311
71316
18947
85332
77004
78602
37348
98648
26369
92251
43234
94420
94216
28256
44501
13062
97510
94118
26805
43146
43904
59662
41877
82137
79548
93423
74474
27800
88785
47240
22547
99825
12259
82682
50381
54993
66868
59689
20812
81049
22985
50142
12864
73153
75725
42873
72042
53437
57635
70858
89106
79944
41372
51366
67405
18257
53491
76824
17070
20193
74669
41973
15370
82385
77468
26658
21850
80534
68977
20200
33772
87164
30829
78158
64547
24450
74165
37708
87336
15248
73458
57782
88785
75106
55668
65919
72851
13860
94183
22809
44991
72810
34725
60670
33758
20353
63037
66958
86664
37599
92859
29841
60491
53692
66734
94578
83659
59565
16510
65374
82113
56454
15375
39262
40703
36863
51284
87462
95484
88329
37099
83333
29957
95287
71124
49499
51879
22146
19179
57001
66864
78664
99527
60372
65378
97624
21005
92508
22116
79280
23725
82496
36440
13152
44344
56711
36601
39044
20494
33396
42368
33084
63342
65185
97469
45761
14420
42325
54424
56215
61733
27011
29008
72128
88398
50521
16567
86901
67407
90642
72804
62072
80424
80767
25714
95385
99644
83547
90703
53516
54821
81192
76148
96045
67727
95965
92940
98086
18222
93682
32368
95105
49443
87114
62246
78967
75128
76168
37448
48994
48323
76353
44411
21423
23412
93990
31720
73476
38366
95200
94253
88174
59153
25348
27867
16655
85808
71543
20145
37510
28929
90033
34272
50838
58219
30493
33475
96686
57579
34691
77731
29723
55809
80687
80719
18617
51230
81460
80876
13597
53136
93288
41093
40815
61288
36580
22863
40163
39599
23241
65122
69794
42749
71375
96267
92463
56393
43700
63572
15394
61217
58964
55216
92061
47677
54656
90084
53483
97959
16028
23712
72677
83813
98373
99860
14590
78940
14168
25965
69466
46318
17485
76035
77106
81101
36349
80654
79181
94175
52979
97239
61958
15831
22431
39559
98865
25237
33006
23164
18592
37934
82866
92083
11573
83365
38478
10468
40655
87830
70699
84378
13554
44627
28583
70537
46705
13276
14557
50110
48268
39309
65196
46793
34658
26697
67445
71106
95819
52528
55012
81185
76336
40206
10222
70659
59837
26672
53366
98040
58845
66150
85297
26301
54849
52505
53080
96898
67896
82041
85213
87044
12293
53284
53545
13424
59912
75152
88432
44033
51562
35010
86545
46517
74587
15781
12286
81880
58131
59173
12480
72081
81784
81734
63512
62348
28808
69120
32656
57544
25213
21544
47433
66179
50658
61387
93744
95465
36054
75366
56392
74599
35148
33616
32500
49541
74347
67176
65113
40991
55841
61116
58707
56995
94502
97273
46042
40915
96091
12217
13797
59654
75794
83513
88593
39649
76392
16542
95895
55261
28586
57299
42470
84225
28680
13143
28280
25565
23737
74667
49255
92794
78909
56835
12726
72666
36579
45090
12866
79883
98360
59364
84579
96380
89246
67270
93289
60730
13329
83713
81972
10959
65091
15804
70515
63086
49410
11747
16620
59002
54667
39938
35417
67928
89066
24912
22919
33210
49063
56297
74689
97896
64273
27875
18876
23335
38191
26695
75010
26473
78553
53387
68073
68340
69605
81829
88047
87211
51667
79772
78419
80477
90877
47658
71092
27179
18915
73151
86424
23391
25421
65125
34297
73595
34002
63266
11369
53982
34582
80910
59306
19801
95346
22754
96312
65555
21136
50261
53004
37898
32909
57593
10634
12558
90999
99940
96286
47335
43054
86766
80966
63665
56852
57110
29238
95131
39827
93676
10603
17531
28331
54967
19732
58458
63739
59307
83086
83965
59616
74764
40095
88679
97942
37277
16794
81237
35565
43956
90256
70229
49878
23530
93047
20461
31496
63205
78221
72498
62211
64853
62273
15700
44815
36436
19689
87643
96662
94526
69122
92052
20570
30000
22168
49667
22542
16604
97184
28962
11949
28651
86268
58344
93822
60209
37423
32167
80502
99595
71531
78624
70585
20615
30474
97112
73930
47399
97670
74422
23917
11302
81388
18168
91971
43713
12881
69197
19833
42854
43610
55356
98171
68887
56253
25826
86034
76131
20193
50889
85287
11039
66349
95853
79288
96835
98769
30455
26960
52626
54465
60835
65163
99955
25817
15820
28462
56964
16324
78203
96826
73968
21286
47940
56126
60690
88684
71797
25103
62297
54697
67666
26645
96654
39331
77171
12813
16730
57529
82585
86124
90170
20243
97488
60346
27645
71427
18103
50578
78075
84814
57821
51058
10222
50935
84459
41992
69681
99823
21738
36544
33309
20085
58737
60956
15639
24588
88134
65350
30846
28564
37456
75119
31516
53074
66641
18376
82569
94889
62342
30882
75574
45544
18882
20075
92846
25055
59429
23816
25493
32855
36494
67781
35079
14244
57962
24986
97756
37271
69264
27826
59548
28332
78375
24183
73093
92160
17854
94720
13654
36926
35018
33305
22751
71011
53016
15952
94174
77498
69913
68873
97019
72312
29594
96487
38990
39746
21225
73562
60110
54000
57024
33045
56989
13299
37893
28947
46783
60963
35471
14354
23948
93417
42848
76002
85230
64946
82422
99971
40205
20331
56393
63259
14047
88328
91522
63976
94191
55987
20850
35849
29718
41304
18669
50002
84472
39738
34276
17440
91129
17863
27257
26184
49058
40067
54020
19544
44074
45572
29931
25424
75273
31715
92626
31734
46469
83819
46483
65423
27936
28119
21963
50307
82556
16239
99901
57581
12431
15290
55248
18562
81225
68169
36467
35924
59882
98755
43357
67529
22584
15027
60737
61730
21990
30008
95348
44502
22759
70119
25609
65122
52336
24206
90451
76763
90283
40674
35094
20444
66675
54074
77828
61066
58056
58600
95883
93980
12996
19205
93743
19816
10180
99515
58319
48310
60449
89871
39559
11863
88716
48197
26126
76315
68009
62380
19679
55029
19106
87631
12584
14725
27530
35918
65178
15054
98795
98651
20900
25297
71376
52992
77310
63413
82870
77098
51238
78303
41701
76284
72030
29107
56533
60171
35807
38294
13834
66277
14113
86117
52797
60002
75855
68109
84303
39232
18642
69835
45655
90263
25836
59023
56015
32748
24457
60823
60781
51989
77456
57678
72938
94487
62001
25440
10063
26115
20964
70262
85822
79285
15025
24758
82051
73134
90352
96982
15002
54086
35325
28116
58269
85802
38182
11842
81633
22193
18745
15680
88674
66421
25367
41066
87297
87634
59193
92441
26007
74427
68602
68307
94873
46390
58975
64937
48056
94298
76418
60865
63676
95380
61506
53780
26750
93900
23074
52523
78250
43897
98992
26268
45861
33904
35931
86729
49096
67060
71282
65191
49805
19816
96680
66997
74885
95027
76724
43497
76067
72773
40166
87442
75292
21069
84319
33326
41354
26073
20649
36969
26112
40791
43442
69172
20704
69277
74480
19302
52115
75332
44047
24944
89843
90318
22777
37295
57086
26650
74529
53032
99113
63014
31414
83535
28308
16828
63272
23875
58337
43393
15311
73378
62539
80852
15770
73940
75272
92541
64602
96916
29220
62160
31131
47201
93185
87749
20161
39584
39720
67553
42165
15700
19916
25310
97426
24392
32076
98818
37951
79172
40212
12908
19367
48045
43738
88403
71121
25064
99022
76677
90405
49241
54945
79314
14732
20409
62432
22593
48406
68162
87608
91280
54466
97266
37887
78570
11294
72304
47881
97503
87592
80171
17606
69197
42443
73364
90671
76456
51069
29105
51408
54628
50613
99104
30774
46105
97138
35378
28588
68203
61292
16009
79875
43156
40557
24526
42820
21623
34246
71401
24068
40706
38848
97250
29782
32831
75105
86372
67705
13855
20087
56424
89079
16177
46466
65539
43366
93194
33277
49583
69528
24925
60224
36399
10495
96593
89395
76220
48235
95987
85011
34305
64427
37427
16646
88573
83014
49024
15138
67519
68655
93914
14366
48464
17552
45052
50222
40197
23316
84946
30516
79751
10806
49495
61557
67534
15845
70278
69428
92134
22877
92041
14432
46287
40177
71573
18478
90185
74564
71449
89167
12388
79451
75204
99301
72312
55948
62404
18823
75866
19266
41955
25651
58723
93261
38750
31164
92618
31677
23551
88239
66441
59962
93217
34074
81951
94322
48536
84303
38802
64000
13748
27774
51946
73233
92538
98139
71694
58003
84609
30727
17215
66176
68939
32106
74942
37915
41933
21903
93220
36637
81572
49827
54808
28003
38706
34267
17840
95296
81639
88965
75429
19492
20049
13730
54010
58347
89988
84838
92069
61852
27463
73324
50059
31241
66877
21367
78557
64023
55607
33105
75261
67471
49443
47390
12976
92687
98698
91189
63921
34625
27368
13675
74682
55708
28400
52456
96138
98418
57966
68950
42613
27772
38857
52233
36753
58550
56681
21373
30412
56076
95477
69378
54863
83770
23453
23490
20664
39219
42613
25263
54998
69535
94075
38606
77738
14047
55376
60050
92523
83866
97675
21221
26306
33499
63506
38959
52703
14152
37154
84508
27203
78023
94776
16607
36997
28263
13648
19179
39237
96732
44495
59499
58745
50683
97784
31064
50068
92455
46646
10031
86979
74504
46842
31994
74896
63463
99177
27446
92422
83283
82928
70223
51148
48137
15761
34674
56199
96503
64143
55974
89430
47207
71710
47080
23295
29077
78554
45902
18624
44841
95373
93724
98237
76191
80245
33740
34253
52878
65991
48497
12768
25048
93787
94436
97646
87604
55703
17081
55185
93920
61976
70142
23774
97967
72961
23362
53044
77475
98699
64691
15217
53504
33252
76314
10565
53049
58193
56308
96167
89867
50348
45681
59600
92158
60708
19767
93923
78896
92414
31957
50377
39510
83298
60245
71442
72688
16833
35395
54717
49536
75425
46885
67125
29324
60281
14035
40256
77661
51572
86983
75171
69362
47740
69522
20842
65694
92192
31888
63766
17099
24564
14693
22780
68517
17602
45353
37989
97717
44420
28740